1369541661 3.413997 644.000000
1369541722 3.413997 645.125000
1369541783 3.413997 644.000000
1369541844 3.413997 644.000000
1369541905 3.413997 645.125000
1369541967 3.413997 645.125000
1369542028 3.413997 645.125000
1369542089 3.413997 645.125000
1369542150 3.413997 645.125000
1369542211 3.415261 645.125000
1369542272 3.416525 645.125000
1369542333 3.416525 645.125000
1369542395 3.416525 645.125000
1369542456 3.416525 645.125000
1369542517 3.416525 645.125000
1369542578 3.416525 645.125000
1369542639 3.416525 645.125000
1369542700 3.416525 645.125000
1369542761 3.416525 645.125000
1369542823 3.416525 645.125000
1369542884 3.416525 645.125000
1369542945 3.416525 645.125000
1369543006 3.416525 645.125000
1369543067 3.415261 646.250000
1369543128 3.413997 646.250000
1369543190 3.413997 645.125000
1369543251 3.413997 646.250000
1369543312 3.413997 646.250000
1369543373 3.413997 646.250000
1369543434 3.413997 646.250000
1369543495 3.413997 646.250000
1369543556 3.413997 646.250000
1369543618 3.413997 646.250000
1369543679 3.413997 646.250000
1369543740 3.413997 646.250000
1369543801 3.413997 646.250000
1369543862 3.413997 646.250000
1369543923 3.413997 646.250000
1369543984 3.413997 646.250000
1369544046 3.413997 646.250000
1369544107 3.413997 646.250000
1369544168 3.413997 647.375000
1369544229 3.413997 647.375000
1369544290 3.413997 647.375000
1369544351 3.413997 646.250000
1369544412 3.413997 647.375000
1369544474 3.413997 647.375000
1369544535 3.413997 647.375000
1369544596 3.413997 647.375000
1369544657 3.413997 647.375000
1369544718 3.413997 647.375000
1369544779 3.413997 647.375000
1369544840 3.413997 647.375000
1369544902 3.413997 647.375000
1369544963 3.413997 647.375000
1369545024 3.413997 648.500000
1369545085 3.413997 648.500000
1369545146 3.413997 648.500000
1369545207 3.413997 648.500000
1369545268 3.413997 648.500000
1369545330 3.413997 648.500000
1369545391 3.413997 648.500000
1369545452 3.413997 649.625000
1369545513 3.413997 649.625000
1369545574 3.413997 649.625000
1369545635 3.413997 649.625000
1369545697 3.413997 649.625000
1369545758 3.413997 649.625000
1369545819 3.413997 649.625000
1369545880 3.413997 650.750000
1369545941 3.413997 650.750000
1369546002 3.413997 650.750000
1369546063 3.413997 650.750000
1369546125 3.413997 650.750000
1369546186 3.413997 650.750000
1369546247 3.413997 650.750000
1369546308 3.413997 651.875000
1369546369 3.413997 651.875000
1369546430 3.413997 651.875000
1369546491 3.413997 651.875000
1369546553 3.413997 651.875000
1369546614 3.413997 653.000000
1369546675 3.413997 653.000000
1369546736 3.413997 653.000000
1369546797 3.413997 653.000000
1369546858 3.413997 653.000000
1369546919 3.413997 653.000000
1369546981 3.413997 653.000000
1369547042 3.413997 654.125000
1369547103 3.413997 654.125000
1369547164 3.413997 654.125000
1369547225 3.413997 654.125000
1369547286 3.413997 655.250000
1369547347 3.413997 654.125000
1369547409 3.413997 655.250000
1369547470 3.413997 655.250000
1369547531 3.413997 655.250000
1369547592 3.413997 655.250000
1369547653 3.413997 656.375000
1369547714 3.413997 656.375000
1369547775 3.413997 656.375000
1369547837 3.413997 656.375000
1369547898 3.413997 656.375000
1369547959 3.413997 657.500000
1369548020 3.413997 657.500000
1369548081 3.413997 657.500000
1369548142 3.413997 657.500000
1369548203 3.413997 658.625000
1369548265 3.413997 658.625000
1369548326 3.413997 658.625000
1369548387 3.413997 658.625000
1369548448 3.413997 658.625000
1369548509 3.413997 658.625000
1369548570 3.413997 659.750000
1369548631 3.413997 659.750000
1369548693 3.413997 659.750000
1369548754 3.413997 659.750000
1369548815 3.413997 660.875000
1369548876 3.413997 660.875000
1369548937 3.413997 660.875000
1369548998 3.413997 660.875000
1369549059 3.413997 662.000000
1369549121 3.413997 662.000000
1369549182 3.413997 662.000000
1369549243 3.413997 662.000000
1369549304 3.413997 663.125000
1369549365 3.413997 663.125000
1369549426 3.413997 663.125000
1369549488 3.413997 663.125000
1369549549 3.413997 663.125000
1369549610 3.413997 663.125000
1369549671 3.413997 664.250000
1369549732 3.413997 664.250000
1369549793 3.413997 665.375000
1369549854 3.413997 665.375000
1369549916 3.413997 665.375000
1369549977 3.413997 666.500000
1369550038 3.413997 666.500000
1369550099 3.413997 666.500000
1369550160 3.413997 667.625000
1369550221 3.413997 667.625000
1369550282 3.413997 667.625000
1369550344 3.413997 667.625000
1369550405 3.413997 668.750000
1369550466 3.413997 668.750000
1369550527 3.413997 668.750000
1369550588 3.413997 669.875000
1369550649 3.413997 669.875000
1369550710 3.413997 669.875000
1369550772 3.413997 669.875000
1369550833 3.413997 671.000000
1369550894 3.413997 672.125000
1369550955 3.413997 672.125000
1369551016 3.413997 673.250000
1369551077 3.413997 674.375000
1369551138 3.413997 674.375000
1369551200 3.413997 675.500000
1369551261 3.413997 676.625000
1369551322 3.413997 677.750000
1369551383 3.413997 677.750000
1369551444 3.413997 678.875000
1369551505 3.413997 678.875000
1369551566 3.413997 681.125000
1369551628 3.413997 681.125000
1369551689 3.413997 682.250000
1369551750 3.413997 682.250000
1369551811 3.413997 683.375000
1369551872 3.413997 684.500000
1369551933 3.413997 684.500000
1369551994 3.413997 685.625000
1369552056 3.413997 685.625000
1369552117 3.413997 685.625000
1369552178 3.413997 686.750000
1369552239 3.413997 687.875000
1369552300 3.413997 687.875000
1369552361 3.413997 687.875000
1369552423 3.413997 687.875000
1369552484 3.413997 689.000000
1369552545 3.413997 689.000000
1369552606 3.413997 689.000000
1369552667 3.413997 690.125000
1369552728 3.413997 690.125000
1369552789 3.413997 691.250000
1369552851 3.413997 691.250000
1369552912 3.413997 692.375000
1369552973 3.413997 693.500000
1369553034 3.413997 694.625000
1369553095 3.413997 694.625000
1369553156 3.413997 695.750000
1369553217 3.413997 696.875000
1369553279 3.413997 698.000000
1369553340 3.413997 699.125000
1369553401 3.413997 700.250000
1369553462 3.413997 701.375000
1369553523 3.416525 701.375000
1369553584 3.419053 702.500000
1369553646 3.419053 703.625000
1369553707 3.419053 703.625000
1369553768 3.419053 704.750000
1369553829 3.419053 705.875000
1369553890 3.419053 704.750000
1369553951 3.419053 705.875000
1369554012 3.419053 705.875000
1369554074 3.419053 705.875000
1369554135 3.419053 705.875000
1369554196 3.419053 707.000000
1369554257 3.419053 707.000000
1369554318 3.419053 705.875000
1369554379 3.419053 707.000000
1369554440 3.419053 707.000000
1369554502 3.419053 708.125000
1369554563 3.419053 708.125000
1369554624 3.419053 708.125000
1369554685 3.419053 709.250000
1369554746 3.419053 709.250000
1369554807 3.419053 709.250000
1369554869 3.419053 709.250000
1369554930 3.419053 709.250000
1369554991 3.419053 709.250000
1369555052 3.419053 710.375000
1369555113 3.419053 710.375000
1369555174 3.419053 710.375000
1369555235 3.419053 710.375000
1369555297 3.419053 710.375000
1369555358 3.419053 710.375000
1369555419 3.419053 709.250000
1369555480 3.419053 709.250000
1369555541 3.419053 709.250000
1369555602 3.419053 709.250000
1369555664 3.419053 709.250000
1369555725 3.419053 709.250000
1369555786 3.419053 709.250000
1369555847 3.419053 709.250000
1369555908 3.419053 709.250000
1369555969 3.419053 709.250000
1369556030 3.419053 709.250000
1369556092 3.419053 710.375000
1369556153 3.419053 710.375000
1369556214 3.419053 711.500000
1369556275 3.419053 711.500000
1369556336 3.419053 712.625000
1369556397 3.419053 712.625000
1369556459 3.419053 713.750000
1369556520 3.419053 714.875000
1369556581 3.419053 714.875000
1369556642 3.419053 716.000000
1369556703 3.419053 716.000000
1369556764 3.419053 718.250000
1369556825 3.419053 720.500000
1369556887 3.419053 722.750000
1369556948 3.419053 725.000000
1369557009 3.419053 727.250000
1369557070 3.419053 729.500000
1369557131 3.419053 731.750000
1369557192 3.419053 732.875000
1369557254 3.419053 735.125000
1369557315 3.419053 736.250000
1369557376 3.419053 736.250000
1369557437 3.419053 736.250000
1369557498 3.419053 736.250000
1369557559 3.419053 736.250000
1369557620 3.419053 735.125000
1369557682 3.419053 735.125000
1369557743 3.419053 735.125000
1369557804 3.419053 735.125000
1369557865 3.419053 735.125000
1369557926 3.419053 735.125000
1369557987 3.419053 735.125000
1369558049 3.419053 735.125000
1369558110 3.419053 735.125000
1369558171 3.419053 735.125000
1369558232 3.419053 736.250000
1369558293 3.419053 737.375000
1369558354 3.419053 738.500000
1369558415 3.419053 739.625000
1369558477 3.419053 739.625000
1369558538 3.419053 740.750000
1369558599 3.419053 741.875000
1369558660 3.419053 743.000000
1369558721 3.419053 744.125000
1369558782 3.419053 745.250000
1369558844 3.419053 746.375000
1369558905 3.419053 748.625000
1369558966 3.419053 750.875000
1369559027 3.419053 753.125000
1369559088 3.419053 755.375000
1369559149 3.419053 757.625000
1369559210 3.419053 759.875000
1369559272 3.419053 762.125000
1369559333 3.419053 764.375000
1369559394 3.419053 766.625000
1369559455 3.419053 768.875000
1369559516 3.419053 770.000000
1369559577 3.419053 772.250000
1369559639 3.420317 773.375000
1369559700 3.420317 775.625000
1369559761 3.420317 776.750000
1369559822 3.420317 777.875000
1369559883 3.420317 779.000000
1369559944 3.420317 780.125000
1369560006 3.420317 781.250000
1369560067 3.420317 781.250000
1369560128 3.420317 782.375000
1369560189 3.420317 782.375000
1369560250 3.420317 783.500000
1369560311 3.420317 784.625000
1369560373 3.420317 784.625000
1369560434 3.420317 783.500000
1369560495 3.420317 782.375000
1369560556 3.420317 781.250000
1369560617 3.420317 780.125000
1369560678 3.420317 777.875000
1369560740 3.420317 776.750000
1369560801 3.420317 774.500000
1369560862 3.420317 772.250000
1369560923 3.420317 771.125000
1369560984 3.420317 770.000000
1369561045 3.420317 767.750000
1369561106 3.420317 766.625000
1369561168 3.420317 765.500000
1369561229 3.420317 764.375000
1369561290 3.420317 762.125000
1369561351 3.420317 762.125000
1369561412 3.420317 759.875000
1369561473 3.420317 758.750000
1369561535 3.420317 757.625000
1369561596 3.420317 756.500000
1369561657 3.420317 756.500000
1369561718 3.420317 754.250000
1369561779 3.420317 753.125000
1369561840 3.420317 753.125000
1369561902 3.420317 752.000000
1369561963 3.420317 750.875000
1369562024 3.420317 749.750000
1369562085 3.420317 748.625000
1369562146 3.420317 747.500000
1369562207 3.419053 746.375000
1369562268 3.419053 745.250000
1369562330 3.419053 744.125000
1369562391 3.419053 744.125000
1369562452 3.419053 743.000000
1369562513 3.419053 743.000000
1369562574 3.419053 743.000000
1369562635 3.419053 743.000000
1369562697 3.419053 744.125000
1369562758 3.419053 745.250000
1369562819 3.419053 746.375000
1369562880 3.419053 748.625000
1369562941 3.419053 750.875000
1369563002 3.419053 752.000000
1369563064 3.419053 754.250000
1369563125 3.419053 755.375000
1369563186 3.419053 755.375000
1369563247 3.419053 756.500000
1369563308 3.419053 755.375000
1369563369 3.419053 755.375000
1369563430 3.419053 755.375000
1369563492 3.419053 754.250000
1369563553 3.419053 754.250000
1369563614 3.419053 753.125000
1369563675 3.419053 752.000000
1369563736 3.419053 750.875000
1369563797 3.419053 750.875000
1369563859 3.419053 748.625000
1369563920 3.419053 748.625000
1369563981 3.420317 747.500000
1369564042 3.420317 747.500000
1369564103 3.420317 746.375000
1369564164 3.420317 745.250000
1369564225 3.420317 745.250000
1369564287 3.420317 744.125000
1369564348 3.420317 744.125000
1369564409 3.420317 743.000000
1369564470 3.420317 743.000000
1369564531 3.420317 741.875000
1369564592 3.420317 740.750000
1369564653 3.420317 740.750000
1369564715 3.420317 740.750000
1369564776 3.420317 739.625000
1369564837 3.419053 739.625000
1369564898 3.419053 738.500000
1369564959 3.419053 737.375000
1369565020 3.419053 736.250000
1369565082 3.419053 736.250000
1369565143 3.419053 735.125000
1369565204 3.419053 734.000000
1369565265 3.419053 734.000000
1369565326 3.419053 732.875000
1369565387 3.419053 731.750000
1369565448 3.419053 730.625000
1369565510 3.419053 730.625000
1369565571 3.419053 729.500000
1369565632 3.419053 729.500000
1369565693 3.419053 727.250000
1369565754 3.419053 727.250000
1369565815 3.419053 727.250000
1369565876 3.419053 726.125000
1369565938 3.419053 726.125000
1369565999 3.419053 725.000000
1369566060 3.419053 723.875000
1369566121 3.419053 725.000000
1369566182 3.419053 723.875000
1369566243 3.419053 722.750000
1369566305 3.419053 722.750000
1369566366 3.419053 723.875000
1369566427 3.419053 722.750000
1369566488 3.419053 722.750000
1369566549 3.419053 722.750000
1369566610 3.419053 722.750000
1369566671 3.419053 723.875000
1369566733 3.419053 723.875000
1369566794 3.419053 723.875000
1369566855 3.419053 723.875000
1369566916 3.419053 725.000000
1369566977 3.419053 725.000000
1369567038 3.419053 725.000000
1369567099 3.419053 725.000000
1369567161 3.419053 725.000000
1369567222 3.419053 726.125000
1369567283 3.419053 726.125000
1369567344 3.419053 726.125000
1369567405 3.419053 727.250000
1369567466 3.419053 728.375000
1369567528 3.419053 728.375000
1369567589 3.419053 728.375000
1369567650 3.419053 728.375000
1369567711 3.419053 728.375000
1369567772 3.419053 728.375000
1369567833 3.419053 729.500000
1369567894 3.419053 729.500000
1369567956 3.419053 729.500000
1369568017 3.419053 728.375000
1369568078 3.419053 728.375000
1369568139 3.419053 729.500000
1369568200 3.419053 728.375000
1369568261 3.419053 728.375000
1369568322 3.419053 729.500000
1369568384 3.419053 729.500000
1369568445 3.419053 729.500000
1369568506 3.419053 730.625000
1369568567 3.419053 730.625000
1369568628 3.419053 730.625000
1369568689 3.419053 730.625000
1369568750 3.419053 731.750000
1369568812 3.419053 731.750000
1369568873 3.419053 732.875000
1369568934 3.419053 732.875000
1369568995 3.419053 732.875000
1369569056 3.419053 732.875000
1369569117 3.419053 734.000000
1369569178 3.419053 734.000000
1369569240 3.419053 734.000000
1369569301 3.419053 735.125000
1369569362 3.419053 736.250000
1369569423 3.419053 736.250000
1369569484 3.419053 737.375000
1369569545 3.419053 737.375000
1369569607 3.419053 737.375000
1369569668 3.419053 737.375000
1369569729 3.419053 737.375000
1369569790 3.419053 738.500000
1369569851 3.419053 738.500000
1369569912 3.419053 738.500000
1369569973 3.419053 738.500000
1369570035 3.419053 737.375000
1369570096 3.419053 737.375000
1369570157 3.419053 737.375000
1369570218 3.419053 737.375000
1369570279 3.419053 737.375000
1369570340 3.419053 737.375000
1369570401 3.419053 737.375000
1369570463 3.419053 737.375000
1369570524 3.419053 737.375000
1369570585 3.419053 737.375000
1369570646 3.419053 737.375000
1369570707 3.419053 736.250000
1369570768 3.419053 736.250000
1369570829 3.419053 736.250000
1369570891 3.419053 735.125000
1369570952 3.419053 735.125000
1369571013 3.419053 734.000000
1369571074 3.419053 734.000000
1369571135 3.419053 732.875000
1369571196 3.419053 731.750000
1369571258 3.419053 731.750000
1369571319 3.419053 730.625000
1369571380 3.419053 730.625000
1369571441 3.419053 729.500000
1369571502 3.419053 729.500000
1369571563 3.419053 728.375000
1369571624 3.419053 728.375000
1369571686 3.419053 727.250000
1369571747 3.419053 727.250000
1369571808 3.419053 726.125000
1369571869 3.419053 725.000000
1369571930 3.419053 725.000000
1369571991 3.419053 725.000000
1369572053 3.419053 723.875000
1369572114 3.419053 723.875000
1369572175 3.419053 722.750000
1369572236 3.419053 721.625000
1369572297 3.419053 721.625000
1369572358 3.419053 721.625000
1369572419 3.419053 720.500000
1369572481 3.419053 720.500000
1369572542 3.419053 719.375000
1369572603 3.419053 719.375000
1369572664 3.419053 718.250000
1369572725 3.419053 718.250000
1369572786 3.419053 718.250000
1369572848 3.419053 717.125000
1369572909 3.419053 717.125000
1369572970 3.419053 717.125000
1369573031 3.419053 716.000000
1369573092 3.419053 716.000000
1369573153 3.419053 714.875000
1369573214 3.419053 714.875000
1369573276 3.419053 714.875000
1369573337 3.419053 714.875000
1369573398 3.419053 714.875000
1369573459 3.419053 714.875000
1369573520 3.419053 714.875000
1369573581 3.419053 714.875000
1369573642 3.419053 713.750000
1369573704 3.419053 713.750000
1369573765 3.419053 714.875000
1369573826 3.419053 714.875000
1369573887 3.419053 714.875000
1369573948 3.419053 714.875000
1369574009 3.419053 716.000000
1369574071 3.419053 716.000000
1369574132 3.419053 717.125000
1369574193 3.419053 719.375000
1369574254 3.419053 720.500000
1369574315 3.419053 723.875000
1369574376 3.419053 726.125000
1369574437 3.419053 728.375000
1369574499 3.419053 730.625000
1369574560 3.419053 732.875000
1369574621 3.419053 734.000000
1369574682 3.419053 735.125000
1369574743 3.419053 737.375000
1369574804 3.419053 738.500000
1369574865 3.419053 739.625000
1369574927 3.419053 739.625000
1369574988 3.419053 739.625000
1369575049 3.419053 739.625000
1369575110 3.419053 739.625000
1369575171 3.419053 739.625000
1369575232 3.419053 739.625000
1369575293 3.419053 740.750000
1369575355 3.419053 741.875000
1369575416 3.419053 741.875000
1369575477 3.419053 741.875000
1369575538 3.419053 741.875000
1369575599 3.419053 741.875000
1369575660 3.419053 741.875000
1369575722 3.419053 741.875000
1369575783 3.419053 743.000000
1369575844 3.419053 743.000000
1369575905 3.419053 743.000000
1369575966 3.419053 743.000000
1369576027 3.419053 743.000000
1369576088 3.419053 743.000000
1369576150 3.419053 743.000000
1369576211 3.419053 743.000000
1369576272 3.419053 743.000000
1369576333 3.419053 743.000000
1369576394 3.419053 743.000000
1369576455 3.419053 743.000000
1369576517 3.419053 743.000000
1369576578 3.419053 743.000000
1369576639 3.419053 743.000000
1369576700 3.419053 743.000000
1369576761 3.419053 743.000000
1369576822 3.419053 743.000000
1369576883 3.419053 741.875000
1369576945 3.419053 741.875000
1369577006 3.419053 741.875000
1369577067 3.419053 740.750000
1369577128 3.419053 740.750000
1369577189 3.419053 740.750000
1369577250 3.419053 739.625000
1369577312 3.419053 739.625000
1369577373 3.419053 739.625000
1369577434 3.419053 739.625000
1369577495 3.419053 739.625000
1369577556 3.419053 738.500000
1369577617 3.419053 738.500000
1369577678 3.419053 738.500000
1369577740 3.419053 737.375000
1369577801 3.419053 737.375000
1369577862 3.419053 737.375000
1369577923 3.419053 736.250000
1369577984 3.419053 736.250000
1369578045 3.419053 736.250000
1369578106 3.419053 735.125000
1369578168 3.419053 735.125000
1369578229 3.419053 735.125000
1369578290 3.419053 735.125000
1369578351 3.419053 734.000000
1369578412 3.419053 734.000000
1369578473 3.419053 734.000000
1369578534 3.419053 734.000000
1369578596 3.419053 734.000000
1369578657 3.419053 734.000000
1369578718 3.419053 735.125000
1369578779 3.419053 735.125000
1369578840 3.419053 735.125000
1369578901 3.419053 735.125000
1369578963 3.419053 735.125000
1369579024 3.419053 734.000000
1369579085 3.419053 734.000000
1369579146 3.419053 734.000000
1369579207 3.419053 734.000000
1369579268 3.419053 732.875000
1369579329 3.419053 732.875000
1369579391 3.419053 731.750000
1369579452 3.419053 731.750000
1369579513 3.419053 730.625000
1369579574 3.419053 730.625000
1369579635 3.419053 729.500000
1369579696 3.419053 729.500000
1369579757 3.419053 728.375000
1369579819 3.419053 727.250000
1369579880 3.419053 727.250000
1369579941 3.419053 726.125000
1369580002 3.419053 726.125000
1369580063 3.419053 725.000000
1369580124 3.419053 725.000000
1369580186 3.419053 725.000000
1369580247 3.419053 723.875000
1369580308 3.419053 723.875000
1369580369 3.419053 723.875000
1369580430 3.419053 722.750000
1369580491 3.419053 722.750000
1369580552 3.419053 721.625000
1369580614 3.419053 721.625000
1369580675 3.419053 721.625000
1369580736 3.419053 720.500000
1369580797 3.419053 720.500000
1369580858 3.419053 719.375000
1369580919 3.419053 719.375000
1369580980 3.419053 719.375000
1369581042 3.419053 719.375000
1369581103 3.419053 718.250000
1369581164 3.419053 718.250000
1369581225 3.419053 718.250000
1369581286 3.419053 718.250000
1369581347 3.419053 717.125000
1369581408 3.419053 717.125000
1369581470 3.419053 717.125000
1369581531 3.419053 716.000000
1369581592 3.419053 716.000000
1369581653 3.419053 716.000000
1369581714 3.419053 716.000000
1369581775 3.419053 716.000000
1369581837 3.419053 714.875000
1369581898 3.419053 714.875000
1369581959 3.419053 714.875000
1369582020 3.419053 713.750000
1369582081 3.419053 713.750000
1369582142 3.419053 713.750000
1369582203 3.419053 713.750000
1369582265 3.419053 712.625000
1369582326 3.419053 712.625000
1369582387 3.419053 712.625000
1369582448 3.419053 711.500000
1369582509 3.419053 711.500000
1369582570 3.419053 711.500000
1369582631 3.419053 711.500000
1369582693 3.419053 711.500000
1369582754 3.419053 710.375000
1369582815 3.419053 710.375000
1369582876 3.419053 710.375000
1369582937 3.419053 710.375000
1369582998 3.419053 710.375000
1369583059 3.419053 710.375000
1369583121 3.419053 709.250000
1369583182 3.419053 709.250000
1369583243 3.419053 709.250000
1369583304 3.419053 708.125000
1369583365 3.419053 708.125000
1369583426 3.419053 708.125000
1369583487 3.419053 708.125000
1369583549 3.419053 707.000000
1369583610 3.419053 707.000000
1369583671 3.419053 707.000000
1369583732 3.419053 707.000000
1369583793 3.419053 705.875000
1369583854 3.419053 707.000000
1369583915 3.419053 705.875000
1369583977 3.419053 705.875000
1369584038 3.419053 705.875000
1369584099 3.419053 705.875000
1369584160 3.419053 704.750000
1369584221 3.419053 704.750000
1369584282 3.419053 704.750000
1369584344 3.419053 704.750000
1369584405 3.419053 704.750000
1369584466 3.419053 704.750000
1369584527 3.419053 703.625000
1369584588 3.419053 703.625000
1369584649 3.419053 703.625000
1369584710 3.419053 703.625000
1369584772 3.419053 703.625000
1369584833 3.419053 703.625000
1369584894 3.419053 702.500000
1369584955 3.419053 702.500000
1369585016 3.419053 702.500000
1369585077 3.419053 701.375000
1369585138 3.419053 702.500000
1369585200 3.419053 701.375000
1369585261 3.419053 701.375000
1369585322 3.419053 701.375000
1369585383 3.419053 701.375000
1369585444 3.419053 700.250000
1369585505 3.419053 700.250000
1369585566 3.419053 700.250000
1369585628 3.419053 700.250000
1369585689 3.419053 700.250000
1369585750 3.419053 700.250000
1369585811 3.419053 700.250000
1369585872 3.419053 699.125000
1369585933 3.419053 699.125000
1369585994 3.419053 699.125000
1369586056 3.419053 699.125000
1369586117 3.419053 699.125000
1369586178 3.419053 698.000000
1369586239 3.419053 698.000000
1369586300 3.419053 698.000000
1369586361 3.419053 698.000000
1369586422 3.419053 698.000000
1369586484 3.419053 696.875000
1369586545 3.419053 696.875000
1369586606 3.419053 696.875000
1369586667 3.419053 696.875000
1369586728 3.419053 696.875000
1369586789 3.419053 696.875000
1369586850 3.419053 696.875000
1369586912 3.419053 695.750000
1369586973 3.419053 696.875000
1369587034 3.419053 695.750000
1369587095 3.419053 695.750000
1369587156 3.419053 695.750000
1369587217 3.419053 695.750000
1369587278 3.419053 695.750000
1369587340 3.419053 695.750000
1369587401 3.419053 695.750000
1369587462 3.413997 695.750000
1369587523 3.413997 695.750000
1369587584 3.413997 695.750000
1369587645 3.413997 695.750000
1369587707 3.413997 694.625000
1369587768 3.413997 694.625000
1369587829 3.413997 694.625000
1369587890 3.413997 694.625000
1369587951 3.413997 694.625000
1369588012 3.413997 694.625000
1369588073 3.413997 694.625000
1369588135 3.413997 693.500000
1369588196 3.413997 693.500000
1369588257 3.413997 693.500000
1369588318 3.413997 693.500000
1369588379 3.413997 693.500000
1369588440 3.413997 693.500000
1369588501 3.413997 693.500000
1369588563 3.413997 693.500000
1369588624 3.413997 692.375000
1369588685 3.413997 692.375000
1369588746 3.413997 692.375000
1369588807 3.413997 692.375000
1369588868 3.413997 692.375000
1369588929 3.413997 692.375000
1369588991 3.413997 691.250000
1369589052 3.413997 692.375000
1369589113 3.413997 691.250000
1369589174 3.413997 691.250000
1369589235 3.413997 691.250000
1369589296 3.413997 691.250000
1369589357 3.413997 691.250000
1369589419 3.413997 690.125000
1369589480 3.413997 690.125000
1369589541 3.413997 691.250000
1369589602 3.413997 690.125000
1369589663 3.413997 690.125000
1369589724 3.413997 690.125000
1369589785 3.413997 690.125000
1369589847 3.413997 690.125000
1369589908 3.413997 690.125000
1369589969 3.413997 690.125000
1369590030 3.413997 690.125000
1369590091 3.413997 690.125000
1369590152 3.413997 689.000000
1369590213 3.413997 689.000000
1369590275 3.413997 689.000000
1369590336 3.413997 689.000000
1369590397 3.413997 689.000000
1369590458 3.413997 689.000000
1369590519 3.413997 689.000000
1369590580 3.413997 689.000000
1369590641 3.413997 689.000000
1369590703 3.413997 689.000000
1369590764 3.413997 689.000000
1369590825 3.413997 689.000000
1369590886 3.413997 689.000000
1369590947 3.413997 689.000000
1369591008 3.413997 689.000000
1369591069 3.413997 690.125000
1369591131 3.413997 690.125000
1369591192 3.413997 690.125000
1369591253 3.413997 690.125000
1369591314 3.413997 690.125000
1369591375 3.413997 690.125000
1369591436 3.413997 690.125000
1369591497 3.413997 690.125000
1369591559 3.413997 690.125000
1369591620 3.413997 690.125000
1369591681 3.413997 690.125000
1369591742 3.413997 690.125000
1369591803 3.413997 689.000000
1369591864 3.413997 690.125000
1369591926 3.413997 690.125000
1369591987 3.413997 689.000000
1369592048 3.413997 689.000000
1369592109 3.413997 689.000000
1369592170 3.413997 689.000000
1369592231 3.413997 689.000000
1369592292 3.413997 689.000000
1369592354 3.413997 689.000000
1369592415 3.413997 689.000000
1369592476 3.413997 689.000000
1369592537 3.413997 689.000000
1369592598 3.413997 689.000000
1369592659 3.413997 689.000000
1369592720 3.413997 689.000000
1369592782 3.413997 689.000000
1369592843 3.413997 687.875000
1369592904 3.413997 687.875000
1369592965 3.413997 689.000000
1369593026 3.413997 687.875000
1369593087 3.413997 687.875000
1369593148 3.413997 687.875000
1369593210 3.413997 687.875000
1369593271 3.413997 687.875000
1369593332 3.413997 687.875000
1369593393 3.413997 687.875000
1369593454 3.413997 687.875000
1369593515 3.413997 687.875000
1369593576 3.413997 686.750000
1369593638 3.413997 687.875000
1369593699 3.413997 686.750000
1369593760 3.413997 686.750000
1369593821 3.413997 686.750000
1369593882 3.413997 686.750000
1369593943 3.413997 686.750000
1369594004 3.413997 686.750000
1369594066 3.413997 686.750000
1369594127 3.413997 685.625000
1369594188 3.413997 685.625000
1369594249 3.413997 686.750000
1369594310 3.413997 685.625000
1369594371 3.413997 685.625000
1369594432 3.413997 685.625000
1369594494 3.413997 685.625000
1369594555 3.413997 685.625000
1369594616 3.413997 685.625000
1369594677 3.413997 685.625000
1369594738 3.413997 684.500000
1369594799 3.413997 685.625000
1369594860 3.413997 685.625000
1369594922 3.413997 684.500000
1369594983 3.413997 684.500000
1369595044 3.413997 684.500000
1369595105 3.413997 684.500000
1369595166 3.413997 684.500000
1369595227 3.413997 684.500000
1369595288 3.413997 684.500000
1369595350 3.413997 684.500000
1369595411 3.413997 684.500000
1369595472 3.413997 684.500000
1369595533 3.413997 684.500000
1369595594 3.413997 684.500000
1369595655 3.413997 683.375000
1369595716 3.413997 683.375000
1369595777 3.413997 683.375000
1369595839 3.413997 683.375000
1369595900 3.413997 683.375000
1369595961 3.413997 683.375000
1369596022 3.413997 683.375000
1369596083 3.413997 683.375000
1369596144 3.413997 683.375000
1369596205 3.413997 683.375000
1369596267 3.413997 682.250000
1369596328 3.413997 682.250000
1369596389 3.413997 682.250000
1369596450 3.413997 683.375000
1369596511 3.413997 682.250000
1369596572 3.413997 682.250000
1369596633 3.413997 682.250000
1369596695 3.413997 682.250000
1369596756 3.413997 682.250000
1369596817 3.413997 682.250000
1369596878 3.413997 681.125000
1369596939 3.413997 682.250000
1369597000 3.413997 682.250000
1369597061 3.413997 682.250000
1369597123 3.413997 682.250000
1369597184 3.413997 682.250000
1369597245 3.413997 681.125000
1369597306 3.413997 681.125000
1369597367 3.413997 682.250000
1369597428 3.413997 681.125000
1369597489 3.413997 681.125000
1369597551 3.413997 682.250000
1369597612 3.413997 681.125000
1369597673 3.413997 681.125000
1369597734 3.413997 681.125000
1369597795 3.413997 681.125000
1369597856 3.413997 681.125000
1369597917 3.413997 682.250000
1369597979 3.413997 681.125000
1369598040 3.413997 682.250000
1369598101 3.413997 681.125000
1369598162 3.413997 681.125000
1369598223 3.413997 682.250000
1369598284 3.413997 681.125000
1369598345 3.413997 681.125000
1369598407 3.413997 681.125000
1369598468 3.413997 681.125000
1369598529 3.413997 681.125000
1369598590 3.413997 681.125000
1369598651 3.413997 682.250000
1369598712 3.413997 681.125000
1369598773 3.413997 682.250000
1369598835 3.413997 681.125000
1369598896 3.413997 682.250000
1369598957 3.413997 682.250000
1369599018 3.413997 681.125000
1369599079 3.413997 682.250000
1369599140 3.413997 682.250000
1369599201 3.413997 681.125000
1369599263 3.413997 682.250000
1369599324 3.413997 682.250000
1369599385 3.413997 682.250000
1369599446 3.413997 681.125000
1369599507 3.413997 681.125000
1369599568 3.413997 681.125000
1369599629 3.413997 682.250000
1369599691 3.413997 682.250000
1369599752 3.413997 681.125000
1369599813 3.413997 682.250000
1369599874 3.413997 682.250000
1369599935 3.413997 682.250000
1369599996 3.413997 682.250000
1369600057 3.413997 682.250000
1369600119 3.413997 682.250000
1369600180 3.413997 682.250000
1369600241 3.413997 682.250000
1369600302 3.413997 682.250000
1369600363 3.413997 682.250000
1369600424 3.413997 682.250000
1369600485 3.415261 682.250000
1369600547 3.416525 682.250000
1369600608 3.416525 682.250000
1369600669 3.416525 682.250000
1369600730 3.416525 682.250000
1369600791 3.416525 682.250000
1369600852 3.416525 682.250000
1369600913 3.416525 682.250000
1369600975 3.416525 682.250000
1369601036 3.416525 683.375000
1369601097 3.416525 682.250000
1369601158 3.416525 683.375000
1369601219 3.416525 683.375000
1369601280 3.416525 682.250000
1369601341 3.415261 682.250000
1369601403 3.413997 683.375000
1369601464 3.413997 683.375000
1369601525 3.413997 683.375000
1369601586 3.413997 683.375000
1369601647 3.413997 683.375000
1369601708 3.413997 682.250000
1369601769 3.413997 683.375000
1369601831 3.413997 683.375000
1369601892 3.413997 683.375000
1369601953 3.413997 683.375000
1369602014 3.413997 683.375000
1369602075 3.413997 683.375000
1369602136 3.413997 683.375000
1369602197 3.413997 683.375000
1369602259 3.413997 683.375000
1369602320 3.413997 683.375000
1369602381 3.413997 683.375000
1369602442 3.413997 683.375000
1369602503 3.413997 683.375000
1369602564 3.413997 683.375000
1369602625 3.413997 683.375000
1369602687 3.413997 683.375000
1369602748 3.413997 683.375000
